yeah: 0.018067620033052803
obviously: 0.013952278437304124
we: 0.013840174074728347
because: 0.011683601548443914
right: 0.010402768643062815
all: 0.00915259126627523
totally: 0.00870759920733005
are: 0.008363286304726193
but: 0.00819573069360325
everyone: 0.007905753745770731
yeah because: 0.007071849573782988
dropped this: 0.006161003738678179
you forgot: 0.006098612167178326
racist: 0.005876114716183946
sure: 0.005719511660068971
should: 0.005637473798108182
white: 0.005445803195259783
you: 0.005427689884951107
must be: 0.005414044153339989
also: 0.005401172948322826
we should: 0.005234148684748423
must: 0.005175563723156406
wow: 0.005164909455506009
my: 0.005116097524785196
thank: 0.005015507141179427
because that: 0.004889067697284597
just: 0.004809951815977462
only: 0.0045756548450866154
well: 0.004410756894164095
women: 0.00424256912683314
not like: 0.004037413166168638
was: 0.004000545083574339
as: 0.003863166476887854
dare: 0.003846247742836527
no: 0.003742939840902786
be: 0.0037131683606563158
all the: 0.0036529438335101212
course: 0.003631741457317129
cause: 0.003567006435404559
they re: 0.0035508241118378837
re: 0.0034584942508955213
us: 0.003425875394138583
yeah but: 0.0033754983690966723
they: 0.0033522416947706734
don you: 0.0033515845451091157
such: 0.0033044073528149787
he: 0.0032195568017906063
usually: 0.0032183910378324964
right because: 0.0031942091389174643
the: 0.0031775809793217007
clearly the: 0.003142262663749498
one: 0.003118524285933092
you dropped: 0.003062587384492588
didn: 0.003000506272516089
but but: 0.002991796794481755
how dare: 0.002981310272777901
or: 0.002892008815907434
think: 0.0028674397585075396
so: 0.0028470922165165623
we need: 0.0028401851199033198
racism: 0.0028385695237267577
people: 0.0028347272396111213
in: 0.0027636504386183247
think it: 0.00267231246089849
bit: 0.0026474684718665515
good thing: 0.0025911309533140814
that why: 0.0025900688968328784
yes: 0.00257648254882799
lol: 0.0025099669967102683
government: 0.0024299510526272234
friend: 0.0024139659090060624
some: 0.002385611828476297
lot: 0.0023247326449714247
point: 0.002242192507615416
all know: 0.002235127214149565
but they: 0.0021847960990432434
no you: 0.0021582563591787305
forgot your: 0.00212946843252122
important: 0.0021078211481853084
nah: 0.00209979170662796
supposed: 0.002087383999842505
is totally: 0.0020731226556220837
fault: 0.0020715431331006368
because we: 0.0020696813927053984
because the: 0.002060218677247783
need: 0.0020601097579027237
does: 0.0020466250090584877
but it: 0.0020457198265445174
can be: 0.0020346799056303834
your: 0.0020266322785274125
guns: 0.002020679852591117
sure it: 0.002019952799445587
can: 0.0019685822931991585
clearly: 0.0019428607711086834
you re: 0.001935382188641302
honestly: 0.0019074841683555793
oh yeah: 0.0018857141150100875
on: 0.0018622913195264705
dropped: 0.001839637740996287
the world: 0.0018203897188059422
